1 21.154 1410588
2 12.5555 1410588
3 8.92774 1410588
4 7.76863 1410588
5 6.88726 1410588
6 6.14914 1410588
7 5.10281 1410588
8 4.50845 1410588
9 4.22697 1410588
10 3.79567 1410588
11 3.76968 1410588
12 3.64386 1410588
13 3.61753 1410588
14 2.93754 1410588
15 2.63105 1410588
16 2.61277 1410588
17 2.55875 1410588
18 2.4848 1410588
19 2.46832 1410588
20 2.45171 1410588
21 2.43768 1410588
22 2.49134 1410588
23 2.45174 1410588
24 2.40476 1410588
25 2.42071 1410588
26 2.42286 1410588
27 2.42821 1410588
28 2.39538 1410588
29 2.43916 1410588
30 2.40915 1410588
31 2.43758 1410588
32 2.40276 1410588
33 2.40862 1410588
34 2.36564 1410588
35 2.36448 1410588
36 2.32311 1410588
37 2.35731 1389665
38 2.37767 1410588
39 2.35396 1389665
40 2.33395 1410588
41 2.32057 1410588
42 2.25669 1410588
43 2.25802 1410588
44 2.29269 1410588
45 2.29371 1410588
46 2.28347 1410588
47 2.29265 1410588
48 2.29936 1410588
49 2.34542 1410588
50 2.25835 1410588
51 2.25898 1389665
52 2.26114 1410588
53 1.65408 1410588
54 1.61335 1410588
55 1.6231 1410588
56 1.63794 1410588
57 1.62024 1410588
58 1.6752 1410588
59 1.69307 1410588
60 1.64846 1410588
61 1.68771 1410588
62 1.70033 1410588
63 1.68079 1410588
64 1.64406 1410588
65 1.70727 1410588
66 1.64838 1410588
67 1.6687 1410588
68 1.68435 1410588
69 1.65088 1410588
70 1.31359 1410588
71 1.31487 1410588
72 1.3258 1410588
73 1.30697 1410588
74 1.29377 1389665
75 1.32158 1410588
76 1.33018 1410588
77 1.30605 1410588
78 1.32937 1389665
79 1.30524 1410588
80 1.32999 1410588
81 1.32222 1410588
82 1.31737 1410588
83 1.30528 1389665
84 1.23694 1410588
85 1.24465 1410588
86 1.24463 1410588
87 1.26504 1410588
88 1.2454 1410588
89 1.23876 1410588
90 1.29222 1410588
91 1.2595 1389665
92 1.24645 1410588
93 1.25276 1389665
94 1.25527 1410588
95 1.25686 1410588
96 1.25359 1410588
97 1.25334 1410588
98 1.25545 1410588
99 1.24807 1410588
100 1.27417 1410588
101 1.2838 1410588
102 1.28282 1389665
103 1.24897 1410588
104 1.23544 1410588
105 1.16302 1410588
106 1.19001 1410588
107 1.16064 1410588
108 1.17163 1410588
109 1.16429 1410588
110 1.17911 1410588
111 1.16967 1410588
112 1.16111 1410588
113 1.18849 1410588
114 1.1822 1410588
115 1.15684 1410588
116 1.13996 1410588
117 1.15807 1410588
118 1.14405 1410588
119 1.15425 1410588
120 1.1521 1410588
121 1.19118 1410588
122 1.16431 1410588
123 1.1732 1410588
124 1.16097 1410588
125 1.14765 1410588
126 1.15638 1410588
127 1.17145 1410588
128 1.14664 1410588
129 1.1639 1410588
130 1.14048 1410588
131 1.17108 1410588
132 1.15482 1410588
133 1.17613 1410588
134 1.14345 1410588
135 1.16882 1410588
136 1.16682 1410588
137 1.18972 1410588
138 1.19028 1410588
139 1.17568 1410588
140 1.25026 1410588
141 1.25296 1410588
142 1.24854 1410588
143 1.26637 1410588
144 1.24405 1410588
145 1.25995 1410588
146 1.24034 1410588
147 1.2453 1410588
148 1.27489 1389665
149 1.24759 1410588
150 1.25631 1410588
151 1.24727 1410588
152 1.23846 1410588
153 1.25483 1410588
154 1.27452 1410588
155 1.2528 1410588
156 1.26199 1389665
157 0.713053 1410588
158 0.682262 1410588
159 0.72131 1410588
160 0.7079 1410588
161 0.702345 1389665
162 0.676616 1410588
163 0.68562 1410588
164 0.682483 1410588
165 0.683381 1410588
166 0.711704 1389665
167 0.721314 1410588
168 0.627717 1410588
169 0.698693 1410588
170 0.640028 1410588
171 0.631579 1410588
172 0.625581 1410588
173 0.731288 1389665
174 0.710874 1410588
175 0.624096 1410588
176 0.631348 1410588
177 0.629391 1410588
178 0.649087 1410588
179 0.64934 1410588
180 0.693676 1410588
181 0.722963 1410588
182 0.706737 1389665
183 0.63728 1410588
184 0.696019 1410588
185 0.635446 1410588
186 0.695523 1389665
187 0.645482 1410588
188 0.734787 1410588
189 0.619316 1410588
190 0.641588 1410588
191 0.625287 1410588
192 0.628565 1410588
193 0.635094 1410588
194 0.630704 1410588
195 0.711859 1410588
196 0.641104 1410588
197 0.652093 1410588
198 0.62549 1410588
199 0.662139 1410588
200 0.624346 1410588
201 0.617768 1410588
202 0.741723 1410588
203 0.630504 1410588
204 0.626008 1389665
205 0.6197 1410588
206 0.636196 1410588
207 0.626063 1410588
208 0.637723 1410588
209 0.626349 1410588
